1; [1] 000,001
2; [1] 000,001
3; [1] 000,001
4; [2] 000,002
5; [1] 000,001
6; [2] 000,002
7; [3] 000,003
8; [4] 000,004
9; [5] 000,005
10; [14] 000,014
11; [29] 000,029
12; [57] 000,057
13; [123] 000,123
14; [280] 000,280
15; [596] 000,596
16; [1251] 001,251
17; [2482] 002,482
18; [6204] 006,204
19; [31872] 031,872
20; [76059] 076,059
21; [170932] 170,932
22; [335346] 335,346
23; [682870] 682,870
24; [1.3784e+06] 1378,401

1; [0] 000,000
1; [0] 000,000
2; [1] 000,001
3; [2] 000,002
4; [1] 000,001
5; [1] 000,001
6; [2] 000,002
7; [2] 000,002
8; [5] 000,005
9; [8] 000,008
10; [16] 000,016
11; [33] 000,033
12; [64] 000,064
13; [137] 000,137
14; [297] 000,297
15; [598] 000,598
16; [1375] 001,375
17; [3292] 003,292
18; [10367] 010,367
19; [31827] 031,827
20; [86799] 086,799
21; [168442] 168,442
22; [352269] 352,269
23; [741422] 741,422
24; [1.36475e+06] 1364,749
25; [2.71544e+06] 2715,439
