1; [0] 000,000; [0] 000,000; [4] 000,004
2; [0] 000,000; [0] 000,000; [7] 000,007
3; [0] 000,000; [1] 000,001; [5] 000,005
4; [0] 000,000; [0] 000,000; [9] 000,009
5; [0] 000,000; [1] 000,001; [9] 000,009
6; [0] 000,000; [1] 000,001; [14] 000,014
7; [0] 000,000; [4] 000,004; [23] 000,023
8; [1] 000,001; [4] 000,004; [45] 000,045
9; [2] 000,002; [8] 000,008; [77] 000,077
10; [2] 000,002; [16] 000,016; [159] 000,159
11; [3] 000,003; [32] 000,032; [314] 000,314
12; [6] 000,006; [63] 000,063; [623] 000,623
13; [14] 000,014; [129] 000,129; [1306] 001,306
14; [31] 000,031; [311] 000,311; [3088] 003,088
15; [73] 000,073; [722] 000,722; [7240] 007,240
16; [73] 000,073; [724] 000,724; [7151] 007,151
17; [63] 000,063; [654] 000,654; [6505] 006,505
18; [69] 000,069; [693] 000,693; [6971] 006,971
19; [70] 000,070; [710] 000,710; [7150] 007,150
20; [72] 000,072; [751] 000,751; [7478] 007,478
21; [69] 000,069; [683] 000,683; [6954] 006,954
22; [68] 000,068; [692] 000,692; [6987] 006,987
23; [73] 000,073; [717] 000,717; [7053] 007,053
24; [68] 000,068; [660] 000,660; [6588] 006,588
25; [72] 000,072; [721] 000,721; [7146] 007,146
26; [68] 000,068; [677] 000,677; [6687] 006,687
27; [70] 000,070; [691] 000,691; [6926] 006,926
28; [76] 000,076; [757] 000,757; [7419] 007,419
29; [65] 000,065; [654] 000,654; [6482] 006,482
30; [106] 000,106; [658] 000,658; [6576] 006,576
