1; [0] 000,000
2; [1] 000,001
3; [1] 000,001
4; [1] 000,001
5; [1] 000,001
6; [1] 000,001
7; [1] 000,001
8; [1] 000,001
9; [0] 000,000
10; [1] 000,001
11; [2] 000,002
12; [2] 000,002
13; [2] 000,002
14; [2] 000,002
15; [3] 000,003
16; [3] 000,003
17; [4] 000,004
18; [5] 000,005
19; [9] 000,009
20; [11] 000,011
21; [14] 000,014
22; [15] 000,015
23; [17] 000,017
24; [22] 000,022

1; [1] 000,001
1; [1] 000,001
2; [1] 000,001
3; [1] 000,001
4; [0] 000,000
5; [2] 000,002
6; [1] 000,001
7; [1] 000,001
8; [1] 000,001
9; [1] 000,001
10; [2] 000,002
11; [2] 000,002
12; [1] 000,001
13; [2] 000,002
14; [3] 000,003
15; [2] 000,002
16; [2] 000,002
17; [3] 000,003
18; [5] 000,005
19; [10] 000,010
20; [12] 000,012
21; [13] 000,013
22; [16] 000,016
23; [24] 000,024
24; [22] 000,022
25; [23] 000,023
